image: map0.pgm
resolution: 0.050000
origin: [-11.650000, -33.800000, 0.000000]
height: -0.300000
negate: 0
occupied_thresh: 0.65
free_thresh: 0.196

