image: map0.pgm
resolution: 0.050000
origin: [-2.250000, -18.650000, 0.000000]
height: -0.200000
negate: 0
occupied_thresh: 0.65
free_thresh: 0.196

